-4.976250076293945312e+01
-4.975416564941406250e+01
-4.974583435058593750e+01
-4.973749923706054688e+01
-4.972916793823242188e+01
-4.972083282470703125e+01
-4.971250152587890625e+01
-4.970416641235351562e+01
-4.969583511352539062e+01
-4.968750000000000000e+01
-4.967916488647460938e+01
-4.967083358764648438e+01
-4.966249847412109375e+01
-4.965416717529296875e+01
-4.964583206176757812e+01
-4.963750076293945312e+01
-4.962916564941406250e+01
-4.962083435058593750e+01
-4.961249923706054688e+01
-4.960416793823242188e+01
-4.959583282470703125e+01
-4.958750152587890625e+01
-4.957916641235351562e+01
-4.957083511352539062e+01
-4.956250000000000000e+01
-4.955416488647460938e+01
-4.954583358764648438e+01
-4.953749847412109375e+01
-4.952916717529296875e+01
-4.952083206176757812e+01
-4.951250076293945312e+01
-4.950416564941406250e+01
-4.949583435058593750e+01
-4.948749923706054688e+01
-4.947916793823242188e+01
-4.947083282470703125e+01
-4.946250152587890625e+01
-4.945416641235351562e+01
-4.944583511352539062e+01
-4.943750000000000000e+01
-4.942916488647460938e+01
-4.942083358764648438e+01
-4.941249847412109375e+01
-4.940416717529296875e+01
-4.939583206176757812e+01
-4.938750076293945312e+01
-4.937916564941406250e+01
-4.937083435058593750e+01
-4.936249923706054688e+01
-4.935416793823242188e+01
-4.934583282470703125e+01
-4.933750152587890625e+01
-4.932916641235351562e+01
-4.932083511352539062e+01
